#ChipScope Pro Analyzer Project File, Version 3.0
#Sat Dec 19 14:08:31 CST 2020
mdiAreaHeight=0.7
mdiAreaHeightLast=0.7
mdiCount=0
navigatorHeight=0.1793103448275862
navigatorHeightLast=0.1793103448275862
navigatorWidth=0.17981072555205047
navigatorWidthLast=0.17981072555205047
signalDisplayPath=0
unit.-1.-1.username=
